[SPI_COMM]
SPI_COMM_en = 1.000000
NoLimits = 0.000000

[ASIC_IDs]
ASIC_IDs_en = 1.000000
NoLimits = 0.000000

[Temperature_Read]
Temperature_Read_en = 0.000000
NoLimits = 0.000000

[Img_Cal_Acq]
Img_Cal_Acq_en = 1.000000
pixel-min = 85.000000
pixel-max = 200.000000
RemoveEdge-Top = 2.000000
RemoveEdge-Bottom = 2.000000
RemoveEdge-Left = 2.000000
RemoveEdge-Right = 2.000000
signal-min = 13.000000
signal-max = 255.000000
noise-min = 0.000000
noise-max = 1.800000
snr-min = 7.250000
snr-max = 255.000000
snr_zone-min = 7.000000
snr_zone-max = 255.000000
snr_z_var-min = 0.000000
snr_z_var-max = 11.000000
gainzavg-min = 20.000000
gainzavg-max = 250.000000
noise_NUM1-min = 0.000000
noise_NUM1-max = 0.900000
noise_NUM2-min = 0.000000
noise_NUM2-max = 0.600000
contrast-minDelta = 5.000000
maxBadClusterCount-Contrast = 24.000000
maxPerClusterFails-Image = 5.000000
maxOverallClusterFails-Image = 5.000000
ToF_max = 275.000000
ToF_min = 165.000000
ToF-AvgRange = 64.000000
maxOverallClusterFails-ToF = 30.000000
pixeldatanoise-max = 4.000000
maxPixeldatanoiseFails = 5.000000
maxPixeldatanoiseZeros = 5.000000

[OTP_Write]
OTP_Write_en = 0.000000
NoLimits = 0.000000
MT_Bit_Chk = 0.000000

[Misc]
QA_Mode = 1.000000
Flex_Mode = 1.000000
SaveCalFiles = 0.000000
Cal_mode = 11.000000
Engr_Mode = 1.000000
ImgAddr = 106182.000000
StackAddr = 114688.000000
scanMode = 0.000000
Set_0 = 165.000000
Set_1 = 280.000000
Set_2 = -1.000000
Set_3 = 0.000000
Set_4 = 0.000000
Set_5 = -1.000000
Set_6 = -1.000000
Set_7 = -1.000000
Set_8 = 0.000000
Set_9 = 6.000000
Set_10 = 10.000000
Set_11 = 100.000000
Set_12 = -1.000000
Set_13 = 0.000000
Set_14 = -1.000000
Set_15 = -1.000000
Set_16 = -1.000000
Set_17 = -1.000000
Set_18 = -1.000000
Set_19 = -1.000000
Set_20 = 1.000000
Set_21 = -1.000000
Set_22 = -1.000000
Set_23 = -1.000000
Set_24 = -1.000000
Set_25 = 15.000000
Set_26 = -1.000000
Set_27 = -1.000000
Set_28 = 12.000000