[SPI_COMM]
SPI_COMM_en = 1.000000
NoLimits = 0.000000

[ASIC_IDs]
ASIC_IDs_en = 1.000000
NoLimits = 0.000000

[Temperature_Read]
Temperature_Read_en = 1.000000
NoLimits = 0.000000

[Img_Cal_Acq]
Img_Cal_Acq_en = 1.000000
pixel-min = 42.000000
pixel-max = 198.000000
RemoveEdge-Top = 2.000000
RemoveEdge-Bottom = 2.000000
RemoveEdge-Left = 2.000000
RemoveEdge-Right = 2.000000
signal-min = 14.000000
signal-max = 255.000000
noise-min = 0.500000
noise-max = 1.900000
snr-min = 14.000000
snr-max = 255.000000
snr_zone-min = 9.200000
snr_zone-max = 255.000000
snr_z_var-min = 0.000000
snr_z_var-max = 11.200000
gainzavg-min = 22.000000
gainzavg-max = 255.000000
noise_NUM1-min = 0.000000
noise_NUM1-max = 0.900000
noise_NUM2-min = 0.000000
noise_NUM2-max = 0.165000
contrast-minDelta = 7.000000
maxBadClusterCount-Contrast = 30.000000
maxPerClusterFails-Image = 5.000000
maxOverallClusterFails-Image = 5.000000
ToF_max = 650.000000
ToF_min = 300.000000
ToF-AvgRange = 40.000000
maxOverallClusterFails-ToF = 20.000000
pixeldatanoise-max = 6.000000
maxPixeldatanoiseFails = 5.000000
maxPixeldatanoiseZeros = 5.000000


[OTP_Write]
OTP_Write_en = 1.000000
NoLimits = 0.000000
MT_Bit_Chk = 0

[Misc]
QA_Mode = 0.000000
Flex_Mode = 0.000000
SaveCalFiles = 0.000000
Cal_mode = 11.000000
Engr_Mode = 1.000000
ImgAddr = 106182.000000
StackAddr = 114688.000000
scanMode = 0.000000
Set_0 = 325.000000
Set_1 = 625.000000
Set_3 = -1.000000
Set_4 = -1.000000
Set_13 = -1.000000
Set_19 = -1.000000
Set_20 = -1.000000
Set_11 = -1.000000
Set_25 = -1.000000
Set_23 = -1.000000
